{
 "cells": [
  {
   "cell_type": "code",
   "execution_count": 1,
   "id": "a4d5e9d6-11e3-4aee-b0ef-868d7fc781b7",
   "metadata": {},
   "outputs": [],
   "source": [
    "import pandas as pd\n",
    "import numpy as np"
   ]
  },
  {
   "cell_type": "code",
   "execution_count": 2,
   "id": "43ba2eb1-af95-4bca-96a8-6e26ec7b1258",
   "metadata": {},
   "outputs": [
    {
     "data": {
      "text/html": [
       "<div>\n",
       "<style scoped>\n",
       "    .dataframe tbody tr th:only-of-type {\n",
       "        vertical-align: middle;\n",
       "    }\n",
       "\n",
       "    .dataframe tbody tr th {\n",
       "        vertical-align: top;\n",
       "    }\n",
       "\n",
       "    .dataframe thead th {\n",
       "        text-align: right;\n",
       "    }\n",
       "</style>\n",
       "<table border=\"1\" class=\"dataframe\">\n",
       "  <thead>\n",
       "    <tr style=\"text-align: right;\">\n",
       "      <th></th>\n",
       "      <th>Longitude</th>\n",
       "      <th>Latitude</th>\n",
       "      <th>Serving RSSI_4G</th>\n",
       "      <th>Cluster_Label</th>\n",
       "    </tr>\n",
       "  </thead>\n",
       "  <tbody>\n",
       "    <tr>\n",
       "      <th>0</th>\n",
       "      <td>3.448652</td>\n",
       "      <td>6.425680</td>\n",
       "      <td>-67.00</td>\n",
       "      <td>13</td>\n",
       "    </tr>\n",
       "    <tr>\n",
       "      <th>1</th>\n",
       "      <td>3.448772</td>\n",
       "      <td>6.425661</td>\n",
       "      <td>-68.50</td>\n",
       "      <td>3</td>\n",
       "    </tr>\n",
       "    <tr>\n",
       "      <th>2</th>\n",
       "      <td>3.448888</td>\n",
       "      <td>6.425641</td>\n",
       "      <td>-67.31</td>\n",
       "      <td>13</td>\n",
       "    </tr>\n",
       "    <tr>\n",
       "      <th>3</th>\n",
       "      <td>3.448997</td>\n",
       "      <td>6.425620</td>\n",
       "      <td>-69.00</td>\n",
       "      <td>3</td>\n",
       "    </tr>\n",
       "    <tr>\n",
       "      <th>4</th>\n",
       "      <td>3.449104</td>\n",
       "      <td>6.425598</td>\n",
       "      <td>-68.94</td>\n",
       "      <td>3</td>\n",
       "    </tr>\n",
       "    <tr>\n",
       "      <th>...</th>\n",
       "      <td>...</td>\n",
       "      <td>...</td>\n",
       "      <td>...</td>\n",
       "      <td>...</td>\n",
       "    </tr>\n",
       "    <tr>\n",
       "      <th>316</th>\n",
       "      <td>3.455419</td>\n",
       "      <td>6.429209</td>\n",
       "      <td>-41.63</td>\n",
       "      <td>15</td>\n",
       "    </tr>\n",
       "    <tr>\n",
       "      <th>317</th>\n",
       "      <td>3.455424</td>\n",
       "      <td>6.429210</td>\n",
       "      <td>-40.63</td>\n",
       "      <td>15</td>\n",
       "    </tr>\n",
       "    <tr>\n",
       "      <th>318</th>\n",
       "      <td>3.455424</td>\n",
       "      <td>6.429210</td>\n",
       "      <td>-39.50</td>\n",
       "      <td>15</td>\n",
       "    </tr>\n",
       "    <tr>\n",
       "      <th>319</th>\n",
       "      <td>3.455424</td>\n",
       "      <td>6.429210</td>\n",
       "      <td>-42.38</td>\n",
       "      <td>15</td>\n",
       "    </tr>\n",
       "    <tr>\n",
       "      <th>320</th>\n",
       "      <td>3.455424</td>\n",
       "      <td>6.429210</td>\n",
       "      <td>-46.63</td>\n",
       "      <td>9</td>\n",
       "    </tr>\n",
       "  </tbody>\n",
       "</table>\n",
       "<p>321 rows × 4 columns</p>\n",
       "</div>"
      ],
      "text/plain": [
       "     Longitude  Latitude  Serving RSSI_4G  Cluster_Label\n",
       "0     3.448652  6.425680           -67.00             13\n",
       "1     3.448772  6.425661           -68.50              3\n",
       "2     3.448888  6.425641           -67.31             13\n",
       "3     3.448997  6.425620           -69.00              3\n",
       "4     3.449104  6.425598           -68.94              3\n",
       "..         ...       ...              ...            ...\n",
       "316   3.455419  6.429209           -41.63             15\n",
       "317   3.455424  6.429210           -40.63             15\n",
       "318   3.455424  6.429210           -39.50             15\n",
       "319   3.455424  6.429210           -42.38             15\n",
       "320   3.455424  6.429210           -46.63              9\n",
       "\n",
       "[321 rows x 4 columns]"
      ]
     },
     "execution_count": 2,
     "metadata": {},
     "output_type": "execute_result"
    }
   ],
   "source": [
    "data = pd.read_csv(\"D:/ReClusterData/reclustered5_data.csv\")  \n",
    "required_data = data[['Longitude', 'Latitude', 'Serving RSSI_4G', 'Cluster_Label']]\n",
    "required_data\n"
   ]
  },
  {
   "cell_type": "code",
   "execution_count": 3,
   "id": "3d098afe-05b9-4728-bd94-a12b59d94411",
   "metadata": {},
   "outputs": [
    {
     "name": "stdout",
     "output_type": "stream",
     "text": [
      "     Longitude  Latitude  Serving RSSI_4G  cluster  Cluster_Label\n",
      "14    3.450191  6.425454           -65.00        5              0\n",
      "15    3.450300  6.425448           -65.25        5              0\n",
      "16    3.450407  6.425438           -65.38        5              0\n",
      "19    3.450740  6.425414           -65.19        5              0\n",
      "24    3.451266  6.425420           -64.38        5              0\n",
      "25    3.451370  6.425425           -65.19        5              0\n",
      "99    3.449123  6.427973           -64.50        5              0\n",
      "122   3.449544  6.428448           -64.38        5              0\n",
      "137   3.449502  6.429210           -65.50        5              0\n",
      "141   3.449485  6.429420           -65.25        5              0\n",
      "143   3.449479  6.429533           -65.19        5              0\n",
      "145   3.449474  6.429643           -64.44        5              0\n",
      "153   3.449447  6.429938           -64.38        5              0\n",
      "160   3.449447  6.430068           -64.88        5              0\n",
      "162   3.449454  6.430086           -65.56        5              0\n",
      "163   3.449457  6.430094           -65.19        5              0\n",
      "166   3.449500  6.430123           -65.38        5              0\n",
      "171   3.449713  6.430162           -65.38        5              0\n",
      "173   3.449816  6.430170           -65.06        5              0\n",
      "175   3.449921  6.430166           -65.63        5              0\n",
      "176   3.449972  6.430165           -64.50        5              0\n",
      "178   3.450059  6.430165           -65.13        5              0\n",
      "188   3.450232  6.430107           -64.38        5              0\n",
      "209   3.450275  6.429592           -64.75        5              0\n",
      "211   3.450278  6.429540           -65.25        5              0\n",
      "226   3.450276  6.429258           -64.50        5              0\n",
      "229   3.450283  6.429181           -64.69        5              0\n",
      "234   3.450297  6.429091           -64.88        5              0\n",
      "244   3.450653  6.429038           -65.25        5              0\n",
      "     Longitude  Latitude  Serving RSSI_4G  cluster  Cluster_Label\n",
      "82    3.455258  6.425637           -49.44        5              1\n",
      "288   3.454213  6.429179           -50.38        5              1\n",
      "297   3.454856  6.429195           -50.06        5              1\n",
      "301   3.455086  6.429207           -47.75        5              1\n",
      "302   3.455137  6.429210           -47.88        5              1\n",
      "303   3.455188  6.429212           -49.19        5              1\n",
      "305   3.455272  6.429212           -49.88        5              1\n",
      "306   3.455312  6.429212           -49.88        5              1\n",
      "307   3.455349  6.429211           -48.75        5              1\n",
      "308   3.455377  6.429212           -47.81        5              1\n",
      "     Longitude  Latitude  Serving RSSI_4G  cluster  Cluster_Label\n",
      "13    3.450085  6.425460           -60.44        5              2\n",
      "66    3.454171  6.425582           -60.75        5              2\n",
      "103   3.449275  6.427988           -60.63        5              2\n",
      "116   3.449564  6.428090           -60.31        5              2\n",
      "120   3.449559  6.428325           -60.13        5              2\n",
      "130   3.449517  6.428885           -60.81        5              2\n",
      "133   3.449515  6.428981           -60.75        5              2\n",
      "135   3.449510  6.429115           -60.38        5              2\n",
      "149   3.449462  6.429821           -60.31        5              2\n",
      "154   3.449439  6.429963           -60.56        5              2\n",
      "198   3.450254  6.429905           -60.25        5              2\n",
      "230   3.450286  6.429162           -60.81        5              2\n",
      "231   3.450286  6.429149           -60.38        5              2\n",
      "247   3.450865  6.429043           -60.25        5              2\n",
      "     Longitude  Latitude  Serving RSSI_4G  cluster  Cluster_Label\n",
      "1     3.448772  6.425661           -68.50        5              3\n",
      "3     3.448997  6.425620           -69.00        5              3\n",
      "4     3.449104  6.425598           -68.94        5              3\n",
      "5     3.449211  6.425577           -69.19        5              3\n",
      "6     3.449324  6.425557           -68.63        5              3\n",
      "7     3.449432  6.425536           -70.50        5              3\n",
      "8     3.449541  6.425518           -68.13        5              3\n",
      "9     3.449656  6.425513           -68.31        5              3\n",
      "18    3.450631  6.425420           -69.00        5              3\n",
      "27    3.451560  6.425436           -68.44        5              3\n",
      "29    3.451752  6.425451           -68.38        5              3\n",
      "31    3.451942  6.425465           -68.81        5              3\n",
      "32    3.452035  6.425473           -69.38        5              3\n",
      "34    3.452228  6.425489           -68.50        5              3\n",
      "35    3.452239  6.425490           -68.38        5              3\n",
      "36    3.452429  6.425500           -68.38        5              3\n",
      "37    3.452518  6.425501           -70.25        5              3\n",
      "38    3.452603  6.425501           -71.25        5              3\n",
      "41    3.452840  6.425517           -69.06        5              3\n",
      "61    3.453892  6.425564           -70.13        5              3\n",
      "159   3.449441  6.430059           -68.75        5              3\n",
      "214   3.450281  6.429514           -68.88        5              3\n",
      "217   3.450282  6.429456           -68.50        5              3\n",
      "220   3.450279  6.429364           -68.50        5              3\n",
      "238   3.450379  6.428998           -68.50        5              3\n",
      "239   3.450407  6.428997           -68.75        5              3\n",
      "     Longitude  Latitude  Serving RSSI_4G  cluster  Cluster_Label\n",
      "22    3.451063  6.425414           -62.81        5              4\n",
      "65    3.454117  6.425577           -62.63        5              4\n",
      "98    3.449080  6.427970           -62.56        5              4\n",
      "100   3.449166  6.427977           -62.44        5              4\n",
      "102   3.449239  6.427985           -62.44        5              4\n",
      "104   3.449311  6.427989           -62.69        5              4\n",
      "105   3.449347  6.427989           -62.31        5              4\n",
      "109   3.449472  6.427983           -62.81        5              4\n",
      "113   3.449535  6.427991           -62.75        5              4\n",
      "119   3.449565  6.428263           -62.31        5              4\n",
      "126   3.449528  6.428675           -62.06        5              4\n",
      "127   3.449525  6.428729           -62.50        5              4\n",
      "128   3.449521  6.428784           -62.75        5              4\n",
      "134   3.449512  6.429070           -61.94        5              4\n",
      "146   3.449470  6.429691           -62.79        5              4\n",
      "147   3.449467  6.429737           -62.75        5              4\n",
      "152   3.449453  6.429912           -63.06        5              4\n",
      "155   3.449433  6.429987           -62.63        5              4\n",
      "164   3.449462  6.430101           -63.06        5              4\n",
      "172   3.449768  6.430168           -63.00        5              4\n",
      "174   3.449868  6.430167           -62.19        5              4\n",
      "179   3.450094  6.430164           -62.25        5              4\n",
      "190   3.450247  6.430073           -62.63        5              4\n",
      "201   3.450262  6.429871           -62.94        5              4\n",
      "205   3.450270  6.429791           -62.25        5              4\n",
      "206   3.450276  6.429714           -62.13        5              4\n",
      "207   3.450276  6.429672           -62.38        5              4\n",
      "232   3.450285  6.429134           -62.94        5              4\n",
      "     Longitude  Latitude  Serving RSSI_4G  cluster  Cluster_Label\n",
      "77    3.454791  6.425637           -53.56        5              5\n",
      "79    3.454972  6.425636           -53.25        5              5\n",
      "80    3.455066  6.425634           -54.00        5              5\n",
      "83    3.455359  6.425637           -54.13        5              5\n",
      "94    3.456315  6.425678           -53.75        5              5\n",
      "95    3.456393  6.425681           -53.25        5              5\n",
      "255   3.451450  6.429066           -53.25        5              5\n",
      "268   3.452516  6.429105           -53.50        5              5\n",
      "271   3.452774  6.429109           -53.00        5              5\n",
      "281   3.453621  6.429149           -53.75        5              5\n",
      "282   3.453708  6.429153           -53.63        5              5\n",
      "285   3.453969  6.429169           -53.06        5              5\n",
      "286   3.454052  6.429173           -53.75        5              5\n",
      "287   3.454133  6.429177           -53.75        5              5\n",
      "290   3.454362  6.429181           -53.69        5              5\n",
      "     Longitude  Latitude  Serving RSSI_4G  cluster  Cluster_Label\n",
      "101   3.449204  6.427980           -59.00        5              6\n",
      "111   3.449513  6.427979           -60.00        5              6\n",
      "114   3.449546  6.428009           -59.88        5              6\n",
      "117   3.449569  6.428144           -59.31        5              6\n",
      "131   3.449516  6.428929           -59.88        5              6\n",
      "187   3.450209  6.430127           -60.06        5              6\n",
      "192   3.450246  6.430038           -59.75        5              6\n",
      "196   3.450245  6.429951           -59.13        5              6\n",
      "197   3.450250  6.429923           -59.94        5              6\n",
      "199   3.450258  6.429892           -59.75        5              6\n",
      "227   3.450277  6.429234           -59.63        5              6\n",
      "259   3.451695  6.429077           -59.75        5              6\n",
      "    Longitude  Latitude  Serving RSSI_4G  cluster  Cluster_Label\n",
      "45   3.453069  6.425540           -77.00        5              7\n",
      "48   3.453216  6.425555           -78.50        5              7\n",
      "51   3.453374  6.425556           -77.25        5              7\n",
      "52   3.453424  6.425558           -77.56        5              7\n",
      "53   3.453430  6.425558           -78.63        5              7\n",
      "54   3.453534  6.425565           -78.19        5              7\n",
      "55   3.453582  6.425564           -79.00        5              7\n",
      "56   3.453631  6.425562           -78.44        5              7\n",
      "57   3.453679  6.425561           -76.94        5              7\n",
      "58   3.453729  6.425560           -77.81        5              7\n",
      "59   3.453782  6.425558           -78.56        5              7\n",
      "60   3.453837  6.425560           -78.56        5              7\n",
      "     Longitude  Latitude  Serving RSSI_4G  cluster  Cluster_Label\n",
      "10    3.449763  6.425497           -65.88        5              8\n",
      "20    3.450847  6.425410           -65.75        5              8\n",
      "21    3.450956  6.425412           -66.69        5              8\n",
      "30    3.451846  6.425457           -66.75        5              8\n",
      "112   3.449525  6.427981           -65.75        5              8\n",
      "139   3.449494  6.429314           -66.38        5              8\n",
      "140   3.449489  6.429366           -66.38        5              8\n",
      "144   3.449476  6.429588           -66.38        5              8\n",
      "156   3.449430  6.430008           -66.06        5              8\n",
      "157   3.449429  6.430030           -66.69        5              8\n",
      "158   3.449435  6.430046           -66.69        5              8\n",
      "161   3.449451  6.430077           -66.00        5              8\n",
      "167   3.449534  6.430132           -66.19        5              8\n",
      "169   3.449575  6.430140           -66.19        5              8\n",
      "177   3.450018  6.430165           -66.44        5              8\n",
      "183   3.450185  6.430149           -66.31        5              8\n",
      "185   3.450200  6.430135           -65.94        5              8\n",
      "186   3.450208  6.430128           -65.94        5              8\n",
      "212   3.450279  6.429528           -66.06        5              8\n",
      "216   3.450283  6.429483           -66.25        5              8\n",
      "218   3.450281  6.429429           -65.88        5              8\n",
      "219   3.450279  6.429398           -66.38        5              8\n",
      "222   3.450280  6.429310           -66.44        5              8\n",
      "223   3.450280  6.429306           -66.06        5              8\n",
      "225   3.450277  6.429275           -66.81        5              8\n",
      "228   3.450279  6.429206           -65.94        5              8\n",
      "235   3.450311  6.429059           -66.06        5              8\n",
      "240   3.450437  6.429003           -66.44        5              8\n",
      "243   3.450593  6.429034           -66.63        5              8\n",
      "245   3.450715  6.429039           -66.25        5              8\n",
      "     Longitude  Latitude  Serving RSSI_4G  cluster  Cluster_Label\n",
      "96    3.456472  6.425686           -47.06        5              9\n",
      "298   3.454917  6.429199           -44.00        5              9\n",
      "299   3.454977  6.429202           -45.91        5              9\n",
      "300   3.455036  6.429205           -45.00        5              9\n",
      "309   3.455398  6.429213           -45.13        5              9\n",
      "310   3.455409  6.429211           -45.44        5              9\n",
      "320   3.455424  6.429210           -46.63        5              9\n",
      "     Longitude  Latitude  Serving RSSI_4G  cluster  Cluster_Label\n",
      "11    3.449870  6.425482           -63.13        5             10\n",
      "12    3.449977  6.425469           -63.13        5             10\n",
      "17    3.450416  6.425438           -63.56        5             10\n",
      "23    3.451166  6.425415           -63.88        5             10\n",
      "72    3.454470  6.425607           -63.38        5             10\n",
      "107   3.449416  6.427986           -63.25        5             10\n",
      "110   3.449497  6.427981           -63.69        5             10\n",
      "115   3.449547  6.428012           -63.75        5             10\n",
      "121   3.449551  6.428388           -64.19        5             10\n",
      "124   3.449537  6.428565           -63.38        5             10\n",
      "125   3.449532  6.428621           -63.38        5             10\n",
      "136   3.449506  6.429161           -63.94        5             10\n",
      "138   3.449498  6.429262           -63.44        5             10\n",
      "165   3.449475  6.430112           -63.63        5             10\n",
      "170   3.449662  6.430154           -64.19        5             10\n",
      "180   3.450126  6.430163           -64.06        5             10\n",
      "181   3.450152  6.430162           -63.50        5             10\n",
      "184   3.450193  6.430142           -63.13        5             10\n",
      "200   3.450260  6.429884           -63.13        5             10\n",
      "202   3.450265  6.429849           -64.25        5             10\n",
      "210   3.450277  6.429562           -64.00        5             10\n",
      "221   3.450279  6.429333           -63.25        5             10\n",
      "224   3.450278  6.429284           -64.13        5             10\n",
      "246   3.450791  6.429043           -63.69        5             10\n",
      "     Longitude  Latitude  Serving RSSI_4G  cluster  Cluster_Label\n",
      "70    3.454365  6.425595           -55.75        5             11\n",
      "78    3.454876  6.425642           -55.81        5             11\n",
      "86    3.455641  6.425657           -56.19        5             11\n",
      "88    3.455812  6.425665           -56.06        5             11\n",
      "92    3.456150  6.425676           -55.72        5             11\n",
      "256   3.451526  6.429069           -55.56        5             11\n",
      "262   3.452043  6.429093           -55.50        5             11\n",
      "264   3.452213  6.429099           -55.94        5             11\n",
      "275   3.453096  6.429121           -55.69        5             11\n",
      "279   3.453441  6.429140           -55.44        5             11\n",
      "     Longitude  Latitude  Serving RSSI_4G  cluster  Cluster_Label\n",
      "62    3.453948  6.425568           -56.69        5             12\n",
      "75    3.454647  6.425627           -57.38        5             12\n",
      "87    3.455731  6.425662           -57.00        5             12\n",
      "248   3.450938  6.429044           -56.81        5             12\n",
      "252   3.451225  6.429054           -56.63        5             12\n",
      "253   3.451298  6.429058           -56.94        5             12\n",
      "258   3.451683  6.429077           -56.56        5             12\n",
      "260   3.451870  6.429085           -56.69        5             12\n",
      "276   3.453172  6.429126           -56.88        5             12\n",
      "     Longitude  Latitude  Serving RSSI_4G  cluster  Cluster_Label\n",
      "0     3.448652  6.425680           -67.00        5             13\n",
      "2     3.448888  6.425641           -67.31        5             13\n",
      "26    3.451465  6.425429           -66.94        5             13\n",
      "28    3.451657  6.425444           -67.19        5             13\n",
      "33    3.452136  6.425482           -67.94        5             13\n",
      "142   3.449482  6.429478           -67.31        5             13\n",
      "168   3.449569  6.430139           -67.63        5             13\n",
      "182   3.450172  6.430155           -67.81        5             13\n",
      "213   3.450280  6.429520           -67.44        5             13\n",
      "215   3.450283  6.429503           -67.69        5             13\n",
      "236   3.450332  6.429028           -66.88        5             13\n",
      "237   3.450354  6.429008           -67.81        5             13\n",
      "241   3.450444  6.429004           -67.56        5             13\n",
      "242   3.450534  6.429023           -67.38        5             13\n",
      "     Longitude  Latitude  Serving RSSI_4G  cluster  Cluster_Label\n",
      "81    3.455163  6.425635           -51.13        5             14\n",
      "84    3.455455  6.425643           -52.56        5             14\n",
      "89    3.455820  6.425665           -52.81        5             14\n",
      "91    3.456072  6.425673           -50.81        5             14\n",
      "254   3.451372  6.429061           -51.38        5             14\n",
      "265   3.452291  6.429102           -51.13        5             14\n",
      "266   3.452363  6.429104           -52.25        5             14\n",
      "267   3.452435  6.429105           -52.25        5             14\n",
      "269   3.452599  6.429104           -50.88        5             14\n",
      "270   3.452687  6.429107           -51.88        5             14\n",
      "272   3.452856  6.429112           -51.50        5             14\n",
      "273   3.452935  6.429114           -52.13        5             14\n",
      "274   3.453014  6.429118           -52.25        5             14\n",
      "278   3.453355  6.429137           -51.94        5             14\n",
      "280   3.453531  6.429145           -52.63        5             14\n",
      "291   3.454439  6.429181           -52.06        5             14\n",
      "294   3.454649  6.429193           -52.69        5             14\n",
      "295   3.454661  6.429193           -52.25        5             14\n",
      "296   3.454792  6.429193           -51.56        5             14\n",
      "304   3.455232  6.429213           -51.94        5             14\n",
      "     Longitude  Latitude  Serving RSSI_4G  cluster  Cluster_Label\n",
      "311   3.455412  6.429210           -39.31        5             15\n",
      "312   3.455414  6.429208           -40.19        5             15\n",
      "313   3.455414  6.429208           -37.88        5             15\n",
      "314   3.455418  6.429209           -41.50        5             15\n",
      "315   3.455419  6.429209           -42.31        5             15\n",
      "316   3.455419  6.429209           -41.63        5             15\n",
      "317   3.455424  6.429210           -40.63        5             15\n",
      "318   3.455424  6.429210           -39.50        5             15\n",
      "319   3.455424  6.429210           -42.38        5             15\n",
      "     Longitude  Latitude  Serving RSSI_4G  cluster  Cluster_Label\n",
      "64    3.454064  6.425572           -61.06        5             16\n",
      "67    3.454220  6.425585           -61.06        5             16\n",
      "71    3.454369  6.425595           -61.00        5             16\n",
      "73    3.454530  6.425616           -61.31        5             16\n",
      "106   3.449382  6.427988           -61.00        5             16\n",
      "108   3.449446  6.427985           -61.69        5             16\n",
      "118   3.449569  6.428203           -61.75        5             16\n",
      "123   3.449541  6.428508           -61.63        5             16\n",
      "129   3.449518  6.428836           -61.13        5             16\n",
      "132   3.449515  6.428977           -61.69        5             16\n",
      "148   3.449464  6.429783           -61.31        5             16\n",
      "151   3.449458  6.429855           -61.75        5             16\n",
      "203   3.450267  6.429822           -61.50        5             16\n",
      "204   3.450269  6.429797           -61.00        5             16\n",
      "208   3.450274  6.429630           -61.00        5             16\n",
      "233   3.450288  6.429117           -60.88        5             16\n",
      "     Longitude  Latitude  Serving RSSI_4G  cluster  Cluster_Label\n",
      "63    3.454006  6.425570           -58.25        5             17\n",
      "68    3.454271  6.425587           -58.25        5             17\n",
      "69    3.454320  6.425590           -58.06        5             17\n",
      "74    3.454588  6.425622           -58.00        5             17\n",
      "76    3.454715  6.425632           -58.31        5             17\n",
      "85    3.455550  6.425651           -57.50        5             17\n",
      "90    3.455992  6.425669           -58.33        5             17\n",
      "93    3.456230  6.425677           -58.13        5             17\n",
      "97    3.456543  6.425689           -58.00        5             17\n",
      "150   3.449458  6.429853           -58.13        5             17\n",
      "189   3.450241  6.430091           -58.63        5             17\n",
      "191   3.450248  6.430055           -58.00        5             17\n",
      "193   3.450242  6.430022           -58.31        5             17\n",
      "249   3.451015  6.429046           -58.63        5             17\n",
      "250   3.451083  6.429048           -57.94        5             17\n",
      "251   3.451152  6.429051           -58.63        5             17\n",
      "257   3.451608  6.429073           -58.25        5             17\n",
      "283   3.453793  6.429158           -57.75        5             17\n",
      "    Longitude  Latitude  Serving RSSI_4G  cluster  Cluster_Label\n",
      "39   3.452688  6.425504           -71.63        5             18\n",
      "40   3.452768  6.425510           -74.38        5             18\n",
      "42   3.452902  6.425519           -73.00        5             18\n",
      "43   3.452959  6.425522           -74.00        5             18\n",
      "44   3.453014  6.425530           -73.81        5             18\n",
      "46   3.453115  6.425546           -74.63        5             18\n",
      "47   3.453164  6.425550           -71.75        5             18\n",
      "49   3.453268  6.425556           -74.13        5             18\n",
      "50   3.453321  6.425556           -75.44        5             18\n",
      "     Longitude  Latitude  Serving RSSI_4G  cluster  Cluster_Label\n",
      "194   3.450240  6.430004           -54.81        5             19\n",
      "195   3.450242  6.429982           -54.81        5             19\n",
      "261   3.451952  6.429090           -55.19        5             19\n",
      "263   3.452131  6.429097           -55.13        5             19\n",
      "277   3.453185  6.429127           -55.06        5             19\n",
      "284   3.453881  6.429164           -55.19        5             19\n",
      "289   3.454289  6.429180           -55.25        5             19\n",
      "292   3.454515  6.429184           -55.25        5             19\n",
      "293   3.454586  6.429189           -55.06        5             19\n"
     ]
    }
   ],
   "source": [
    "for i in range(20):\n",
    "    features = data[data['Cluster_Label'] == i]\n",
    "    print(features)"
   ]
  },
  {
   "cell_type": "code",
   "execution_count": 4,
   "id": "88455793-23dd-4cef-84d6-c3774afed51d",
   "metadata": {},
   "outputs": [
    {
     "name": "stdout",
     "output_type": "stream",
     "text": [
      "[[ 1.         -0.04448627  0.07776031  0.3956739   0.24464965  0.10075668\n",
      "   0.27273195 -0.66013598  0.29313505 -0.26820791 -0.01486312  0.13361758\n",
      "   0.67705644 -0.68938587  0.00451273 -0.05150636 -0.44921571 -0.2595893\n",
      "   0.36241845 -0.3058376 ]\n",
      " [-0.04448627  1.          0.60927332 -0.06459599  0.4325688  -0.40917924\n",
      "   0.03052491  0.17799026 -0.19905214  0.14245012 -0.21693451  0.21786055\n",
      "   0.39649451 -0.31820209  0.67168836 -0.71782639 -0.04323527  0.10514468\n",
      "  -0.27594988 -0.07564221]\n",
      " [ 0.07776031  0.60927332  1.          0.30767879  0.23244554 -0.47876258\n",
      "   0.36875097  0.22454021  0.00338187  0.03103775 -0.14269433 -0.25815896\n",
      "   0.45664032  0.01946484  0.423974   -0.36289636  0.50849624 -0.52311919\n",
      "  -0.19191948  0.06366183]\n",
      " [ 0.3956739  -0.06459599  0.30767879  1.          0.36762966 -0.11554714\n",
      "   0.43866068 -0.19360657 -0.23424945 -0.38781189 -0.24839962  0.02769145\n",
      "   0.46059632 -0.16310632  0.01945096  0.31150045  0.20498851 -0.60900906\n",
      "   0.53984859  0.05072696]\n",
      " [ 0.24464965  0.4325688   0.23244554  0.36762966  1.         -0.24087518\n",
      "  -0.21019573 -0.45650347 -0.2085639   0.09674073  0.08223285  0.28513872\n",
      "   0.22773297  0.09876914  0.12931967 -0.21712884 -0.08417462 -0.39586007\n",
      "   0.29960414 -0.3321289 ]\n",
      " [ 0.10075668 -0.40917924 -0.47876258 -0.11554714 -0.24087518  1.\n",
      "  -0.34055719 -0.24280524  0.50283289 -0.0290938  -0.11799283  0.56569706\n",
      "  -0.14678977 -0.29072565  0.05695406 -0.32522413 -0.34649166  0.23427518\n",
      "  -0.26527606  0.14023155]\n",
      " [ 0.27273195  0.03052491  0.36875097  0.43866068 -0.21019573 -0.34055719\n",
      "   1.          0.22686011 -0.11980245 -0.5321058  -0.02053026 -0.29376898\n",
      "   0.48249627  0.12949369  0.19862597  0.3418941  -0.01653877 -0.25916182\n",
      "   0.43966344  0.0954553 ]\n",
      " [-0.66013598  0.17799026  0.22454021 -0.19360657 -0.45650347 -0.24280524\n",
      "   0.22686011  1.         -0.10991842 -0.32366376 -0.15482409 -0.33189344\n",
      "  -0.12221822  0.4835356   0.38192478  0.17764414  0.47595944  0.28183637\n",
      "  -0.07407863  0.29316815]\n",
      " [ 0.29313505 -0.19905214  0.00338187 -0.23424945 -0.2085639   0.50283289\n",
      "  -0.11980245 -0.10991842  1.          0.16569957  0.21025138  0.20449149\n",
      "  -0.13698189 -0.34684284 -0.04161239 -0.27354472  0.25434903 -0.01882754\n",
      "  -0.05313263  0.73627775]\n",
      " [-0.26820791  0.14245012  0.03103775 -0.38781189  0.09674073 -0.0290938\n",
      "  -0.5321058  -0.32366376  0.16569957  1.          0.07358325 -0.22915848\n",
      "  -0.70022943 -0.21050648 -0.10505223 -0.37430629  0.23362299  0.14323459\n",
      "  -0.88438206  0.18343267]\n",
      " [-0.01486312 -0.21693451 -0.14269433 -0.24839962  0.08223285 -0.11799283\n",
      "  -0.02053026 -0.15482409  0.21025138  0.07358325  1.          0.21724388\n",
      "  -0.29070161  0.2798773   0.0317327   0.29746478 -0.10971038  0.05656059\n",
      "   0.35078744  0.52747971]\n",
      " [ 0.13361758  0.21786055 -0.25815896  0.02769145  0.28513872  0.56569706\n",
      "  -0.29376898 -0.33189344  0.20449149 -0.22915848  0.21724388  1.\n",
      "   0.26391672 -0.47436598  0.21411246 -0.55072564 -0.53486814  0.02594933\n",
      "   0.05961493  0.05483498]\n",
      " [ 0.67705644  0.39649451  0.45664032  0.46059632  0.22773297 -0.14678977\n",
      "   0.48249627 -0.12221822 -0.13698189 -0.70022943 -0.29070161  0.26391672\n",
      "   1.         -0.44114516  0.32090033 -0.17132794 -0.35494698 -0.23853701\n",
      "   0.46039617 -0.43662817]\n",
      " [-0.68938587 -0.31820209  0.01946484 -0.16310632  0.09876914 -0.29072565\n",
      "   0.12949369  0.4835356  -0.34684284 -0.21050648  0.2798773  -0.47436598\n",
      "  -0.44114516  1.          0.14829777  0.49673366  0.44519157 -0.09102341\n",
      "   0.22568073  0.33927482]\n",
      " [ 0.00451273  0.67168836  0.423974    0.01945096  0.12931967  0.05695406\n",
      "   0.19862597  0.38192478 -0.04161239 -0.10505223  0.0317327   0.21411246\n",
      "   0.32090033  0.14829777  1.         -0.70497002 -0.03078845  0.12538088\n",
      "  -0.26582538  0.13946053]\n",
      " [-0.05150636 -0.71782639 -0.36289636  0.31150045 -0.21712884 -0.32522413\n",
      "   0.3418941   0.17764414 -0.27354472 -0.37430629  0.29746478 -0.55072564\n",
      "  -0.17132794  0.49673366 -0.70497002  1.          0.12323489 -0.2253367\n",
      "   0.5310261   0.03231657]\n",
      " [-0.44921571 -0.04323527  0.50849624  0.20498851 -0.08417462 -0.34649166\n",
      "  -0.01653877  0.47595944  0.25434903  0.23362299 -0.10971038 -0.53486814\n",
      "  -0.35494698  0.44519157 -0.03078845  0.12323489  1.         -0.3831914\n",
      "  -0.04941769  0.66186899]\n",
      " [-0.2595893   0.10514468 -0.52311919 -0.60900906 -0.39586007  0.23427518\n",
      "  -0.25916182  0.28183637 -0.01882754  0.14323459  0.05656059  0.02594933\n",
      "  -0.23853701 -0.09102341  0.12538088 -0.2253367  -0.3831914   1.\n",
      "  -0.51703549 -0.32816035]\n",
      " [ 0.36241845 -0.27594988 -0.19191948  0.53984859  0.29960414 -0.26527606\n",
      "   0.43966344 -0.07407863 -0.05313263 -0.88438206  0.35078744  0.05961493\n",
      "   0.46039617  0.22568073 -0.26582538  0.5310261  -0.04941769 -0.51703549\n",
      "   1.          0.06987861]\n",
      " [-0.3058376  -0.07564221  0.06366183  0.05072696 -0.3321289   0.14023155\n",
      "   0.0954553   0.29316815  0.73627775  0.18343267  0.52747971  0.05483498\n",
      "  -0.43662817  0.33927482  0.13946053  0.03231657  0.66186899 -0.32816035\n",
      "   0.06987861  1.        ]]\n"
     ]
    }
   ],
   "source": [
    "summations_per_label = np.zeros(20)\n",
    "# Initialize a 20x20 matrix to store correlation coefficients\n",
    "correlation_matrix = np.zeros((20, 20))\n",
    "\n",
    "# Iterate over each pair of clusters\n",
    "for i in range(20):\n",
    "    summation=0\n",
    "    for j in range(20):\n",
    "        # Extract 'Serving RSSI_4G' values for clusters i and j\n",
    "        cluster_i_values = data[data['Cluster_Label'] == i]['Serving RSSI_4G']\n",
    "        cluster_j_values = data[data['Cluster_Label'] == j]['Serving RSSI_4G']\n",
    "        \n",
    "        # Check if both arrays have the same length\n",
    "        min_len = min(len(cluster_i_values), len(cluster_j_values))\n",
    "        if min_len > 0:\n",
    "            # Truncate arrays to the same length\n",
    "            cluster_i_values = cluster_i_values[:min_len]\n",
    "            cluster_j_values = cluster_j_values[:min_len]\n",
    "            \n",
    "            # Calculate the correlation coefficient between the truncated values of clusters i and j\n",
    "            correlation_matrix[i, j] = np.corrcoef(cluster_i_values, cluster_j_values)[0, 1]\n",
    "        else:\n",
    "            # If one of the arrays is empty, set correlation coefficient to NaN\n",
    "            correlation_matrix[i, j] = 0\n",
    "\n",
    "        summation += correlation_matrix[i, j]\n",
    "    summations_per_label[i] = summation\n",
    "\n",
    "correlation_matrix = np.nan_to_num(correlation_matrix, nan=0.0)\n",
    "# Print the correlation matrix\n",
    "print(correlation_matrix)"
   ]
  },
  {
   "cell_type": "code",
   "execution_count": 5,
   "id": "28a77629-e921-44cc-8ec4-2b7b655a0ea8",
   "metadata": {},
   "outputs": [
    {
     "data": {
